municipios_sicredi <- c(5000203, 1700301, 1700400, 5201108, 2901403, 1701903, 1702109, 1702158, 1702208, 1702554,
                        1702901, 1703008, 2903201, 2903904, 5002308, 1703701, 1703800, 5002704, 1703842, 1502152,
                        1703867, 2102804, 1705102, 1704600, 1705508, 1716703, 5003207, 1707009, 1707108, 1707405,
                        2104057, 2911105, 1708205, 1708254, 5208707, 1708304, 1709302, 1709500, 2913200, 5004304,
                        1710904, 5004908, 5005004, 4113700, 2919553, 1712504, 1712702, 1713304, 1713601, 1713700,
                        1714203, 1714880, 2309300, 1505494, 1721000, 1716109, 1716208, 2923704, 1505536, 1716505,
                        1716604, 1717008, 1717503, 1717909, 1718006, 2109007, 5006903, 1718204, 5218300, 1718303,
                        1718402, 5107040, 2109502, 2926202, 5007109, 3543402, 1506195, 2927408, 1718907, 1719004,
                        1720101, 2928901, 1720150, 1507300, 1507458, 2111300, 5007901, 1720655, 5107909, 1720804,
                        1720903, 5008008, 2211001, 1721208, 5008305, 1721307, 1722081)


municipios_sicredi_up <- c(
  1700350, 1700400, 1700707, 1701002, 1701101, 1702109,
  1702208, 1702307, 1702554, 1702703, 1702901, 1703057,
  1703206, 1703305, 1703701, 1703800, 1703842, 1703867,
  1705102, 1705508, 1705557, 1705607, 1706001, 1706100,
  1706506, 1707009, 1707108, 1707207, 1707306, 1707405,
  1707652, 1708205, 1708254, 1708304, 1709005, 1709302,
  1709500, 1710508, 1711506, 1711803, 1711902, 1711951,
  1712009, 1712504, 1712702, 1713205, 1713304, 1713601,
  1713700, 1713809, 1714203, 1714880, 1715101, 1715259,
  1715705, 1716109, 1716307, 1716505, 1716604, 1716653,
  1716703, 1717008, 1717503, 1717800, 1717909, 1718006,
  1718204, 1718402, 1718659, 1718840, 1718865, 1718881,
  1718907, 1720101, 1720150, 1720499, 1720655, 1720903,
  1720978, 1721000, 1721208, 1722081, 1722107, 2901403,
  2902500, 2903201, 2909703, 2911105, 2919553, 2922250,
  2926202, 2927408, 2928406, 2928901, 2933455, 3502101, 
  5000203, 5001102, 5002209, 5002308, 5002704, 5003207,
  5003702, 5004908, 5005202, 5005400, 5007109, 5007802,
  5007901, 5008008, 5008305,
  #implementado
  5201108, 1700301, 1701903, 1702158, 1703008, 2903904,
  1502152, 2102804, 1704600, 5208707, 2913200, 5004304,
  1710904, 5005004, 4113700, 2309300, 1505494, 1716208,
  1505536, 2109007, 5006903, 5218300, 1718303, 5107040,
  2109502, 3543402, 1506195, 1719004, 1507300, 1507458,
  2111300, 5107909, 1720804, 2211001, 1721307, 2923704
  )









